2 0.52197265625 0.614013671875 0.021240234375 0.082275390625
2 0.4765625 0.60986328125 0.0546875 0.076171875
4 0.989013671875 0.57763671875 0.02197265625 0.044189453125
2 0.98876953125 0.49951171875 0.0224609375 0.08203125
3 0.983642578125 0.488037109375 0.020751953125 0.029541015625
2 0.927001953125 0.58984375 0.041259765625 0.07958984375
2 0.81494140625 0.60546875 0.04150390625 0.111572265625
4 0.788818359375 0.565185546875 0.023193359375 0.060302734375
4 0.5341796875 0.5986328125 0.0283203125 0.068359375
4 0.503662109375 0.591796875 0.03271484375 0.0673828125
4 0.45703125 0.613037109375 0.02978515625 0.025146484375
0 0.09814453125 0.798095703125 0.027099609375 0.06103515625