2 0.803955078125 0.087890625 0.043701171875 0.087646484375
2 0.96923828125 0.63671875 0.027099609375 0.0712890625
2 0.77001953125 0.733642578125 0.074951171875 0.1162109375
2 0.633544921875 0.795654296875 0.066650390625 0.09326171875
2 0.48388671875 0.715576171875 0.06005859375 0.09326171875
2 0.123046875 0.5556640625 0.056884765625 0.090576171875
2 0.367431640625 0.1474609375 0.0615234375 0.126220703125
2 0.141357421875 0.0185546875 0.031005859375 0.035888671875
2 0.029296875 0.024169921875 0.025390625 0.047119140625
4 0.010986328125 0.015380859375 0.021728515625 0.029296875
4 0.0439453125 0.021240234375 0.03076171875 0.037353515625
4 0.1650390625 0.02001953125 0.02734375 0.03662109375
4 0.335205078125 0.144775390625 0.031494140625 0.07421875
4 0.3603515625 0.164794921875 0.03466796875 0.07861328125
4 0.826904296875 0.0634765625 0.049560546875 0.076171875
4 0.98486328125 0.624755859375 0.0302734375 0.07373046875
4 0.78955078125 0.730224609375 0.0263671875 0.0693359375
4 0.76318359375 0.735107421875 0.021728515625 0.059326171875
4 0.626708984375 0.795166015625 0.02978515625 0.0625
4 0.603759765625 0.811279296875 0.035888671875 0.06396484375
4 0.484619140625 0.7275390625 0.035400390625 0.057861328125
4 0.118408203125 0.5419921875 0.043701171875 0.071044921875
3 0.35791015625 0.109619140625 0.022705078125 0.025634765625
3 0.384765625 0.130859375 0.021728515625 0.023193359375
3 0.40185546875 0.162353515625 0.025146484375 0.026611328125
3 0.394775390625 0.17529296875 0.026123046875 0.02978515625
0 0.50146484375 0.751953125 0.023193359375 0.046875