4 0.928466796875 0.5654296875 0.028564453125 0.066650390625
2 0.018798828125 0.959228515625 0.03759765625 0.08056640625
4 0.230712890625 0.5361328125 0.02783203125 0.023193359375
2 0.24560546875 0.552978515625 0.0537109375 0.13720703125
2 0.49658203125 0.718505859375 0.04736328125 0.0947265625
2 0.661376953125 0.617919921875 0.041259765625 0.079345703125
2 0.681884765625 0.590576171875 0.050048828125 0.10009765625
4 0.667724609375 0.599365234375 0.041015625 0.0673828125
4 0.642578125 0.6123046875 0.0419921875 0.066650390625
4 0.513916015625 0.687255859375 0.03564453125 0.06103515625
4 0.261474609375 0.529052734375 0.036865234375 0.078369140625
4 0.0078125 0.976318359375 0.015625 0.046630859375