2 0.314697265625 0.352783203125 0.060302734375 0.09228515625
2 0.36083984375 0.273193359375 0.034423828125 0.0927734375
2 0.390625 0.22216796875 0.042236328125 0.10302734375
2 0.43994140625 0.178466796875 0.0478515625 0.10400390625
2 0.49267578125 0.1298828125 0.04638671875 0.0966796875
2 0.55517578125 0.08984375 0.04931640625 0.1142578125
2 0.610107421875 0.056640625 0.0478515625 0.10400390625
2 0.658447265625 0.027099609375 0.033935546875 0.053955078125
2 0.61962890625 0.424072265625 0.07666015625 0.087158203125
2 0.552734375 0.580078125 0.05419921875 0.077880859375
2 0.58447265625 0.5234375 0.034423828125 0.051513671875
2 0.671630859375 0.3623046875 0.044189453125 0.066650390625
2 0.699462890625 0.295654296875 0.053466796875 0.068359375
2 0.736328125 0.250244140625 0.052734375 0.078857421875
2 0.775146484375 0.190185546875 0.04296875 0.078857421875
2 0.810302734375 0.142333984375 0.050048828125 0.08447265625
2 0.856689453125 0.09521484375 0.044189453125 0.068359375
2 0.9013671875 0.038818359375 0.043212890625 0.07763671875
2 0.950439453125 0.016357421875 0.03515625 0.032470703125
4 0.382568359375 0.291015625 0.034912109375 0.065673828125
4 0.388427734375 0.242919921875 0.035888671875 0.0595703125
4 0.355712890625 0.308837890625 0.03662109375 0.061279296875
4 0.417724609375 0.23486328125 0.0419921875 0.066162109375
4 0.435302734375 0.20947265625 0.0361328125 0.06884765625
4 0.45751953125 0.179931640625 0.038330078125 0.065185546875
4 0.48876953125 0.158203125 0.040771484375 0.068359375
4 0.551513671875 0.117919921875 0.039794921875 0.071044921875
4 0.575927734375 0.097900390625 0.03955078125 0.074951171875
4 0.609619140625 0.087158203125 0.03857421875 0.080322265625
4 0.62744140625 0.052490234375 0.03857421875 0.08251953125
4 0.65087890625 0.027099609375 0.033447265625 0.053955078125
4 0.677490234375 0.019775390625 0.033447265625 0.039306640625
4 0.79248046875 0.124267578125 0.043212890625 0.05908203125
4 0.816650390625 0.114990234375 0.04150390625 0.061279296875
4 0.77001953125 0.153564453125 0.050048828125 0.066650390625
4 0.751708984375 0.1796875 0.046875 0.05908203125
4 0.734619140625 0.208984375 0.043212890625 0.060302734375
4 0.7109375 0.228271484375 0.04345703125 0.055419921875
4 0.698974609375 0.2646484375 0.0390625 0.0576171875
4 0.67529296875 0.28759765625 0.05126953125 0.071533203125
4 0.669677734375 0.32861328125 0.044921875 0.052001953125
4 0.582275390625 0.481201171875 0.05078125 0.068359375
4 0.568603515625 0.521240234375 0.044921875 0.05859375
4 0.555419921875 0.550048828125 0.048828125 0.061279296875
4 0.53759765625 0.582763671875 0.03955078125 0.050048828125
3 0.31396484375 0.324951171875 0.023681640625 0.0205078125
3 0.330078125 0.347900390625 0.02392578125 0.0146484375
3 0.39794921875 0.19384765625 0.0244140625 0.01904296875
3 0.510498046875 0.1416015625 0.017822265625 0.026123046875
3 0.557373046875 0.061279296875 0.023681640625 0.021728515625
3 0.596435546875 0.0419921875 0.01708984375 0.0234375
3 0.657958984375 0.3642578125 0.01806640625 0.02294921875
3 0.633056640625 0.406494140625 0.017333984375 0.0244140625
3 0.62353515625 0.394775390625 0.02001953125 0.0234375
3 0.61083984375 0.430908203125 0.0244140625 0.031494140625
3 0.84765625 0.098876953125 0.022216796875 0.03662109375
0 0.361328125 0.310302734375 0.0283203125 0.051513671875
4 0.8623046875 0.065185546875 0.0458984375 0.05859375
4 0.88427734375 0.037353515625 0.0478515625 0.059326171875
4 0.90966796875 0.023193359375 0.046875 0.046142578125