2 0.84130859375 0.68701171875 0.0419921875 0.105224609375
2 0.707275390625 0.688720703125 0.037841796875 0.081787109375
2 0.534423828125 0.688720703125 0.03955078125 0.086181640625
2 0.444580078125 0.632568359375 0.031005859375 0.07958984375
2 0.277099609375 0.63330078125 0.03857421875 0.076171875
2 0.154052734375 0.635986328125 0.049560546875 0.07958984375
4 0.2578125 0.627197265625 0.028564453125 0.059326171875
4 0.29052734375 0.624267578125 0.036865234375 0.06494140625
4 0.468505859375 0.624755859375 0.020263671875 0.07958984375
4 0.56298828125 0.684814453125 0.026123046875 0.078369140625
4 0.7333984375 0.68701171875 0.0361328125 0.07177734375
4 0.8134765625 0.67919921875 0.028564453125 0.08056640625
4 0.864013671875 0.671875 0.02685546875 0.066162109375
0 0.572265625 0.188720703125 0.031005859375 0.05810546875