2 0.75341796875 0.642822265625 0.031982421875 0.08642578125
2 0.84619140625 0.699951171875 0.03369140625 0.093017578125
2 0.57958984375 0.641357421875 0.03955078125 0.073974609375
2 0.270751953125 0.614013671875 0.031494140625 0.037353515625
2 0.228759765625 0.68994140625 0.036376953125 0.06103515625
2 0.17041015625 0.7783203125 0.028564453125 0.02880859375
2 0.448486328125 0.619384765625 0.03564453125 0.049072265625
4 0.876953125 0.694091796875 0.0322265625 0.086669921875
4 0.77978515625 0.6298828125 0.028076171875 0.066162109375
4 0.59423828125 0.6259765625 0.0390625 0.066162109375
4 0.5625 0.630615234375 0.031494140625 0.064453125
4 0.107421875 0.8798828125 0.043212890625 0.063232421875
4 0.25048828125 0.607177734375 0.04541015625 0.068603515625
0 0.88720703125 0.1826171875 0.03515625 0.052490234375
3 0.827880859375 0.69287109375 0.015380859375 0.025390625
3 0.1591796875 0.768798828125 0.015869140625 0.018310546875