4 0.383544921875 0.487060546875 0.03662109375 0.086669921875
2 0.371826171875 0.501953125 0.051025390625 0.1162109375
4 0.976318359375 0.53076171875 0.036865234375 0.072509765625
4 0.99755859375 0.553955078125 0.0048828125 0.076904296875
2 0.986083984375 0.556884765625 0.022216796875 0.103759765625
4 0.68798828125 0.58935546875 0.030029296875 0.0693359375
2 0.715576171875 0.600830078125 0.05322265625 0.093017578125
0 0.751220703125 0.601318359375 0.021240234375 0.068359375
4 0.77978515625 0.601806640625 0.023681640625 0.05615234375
4 0.331298828125 0.6044921875 0.030517578125 0.039794921875
2 0.763916015625 0.611083984375 0.016357421875 0.064697265625
4 0.072021484375 0.688232421875 0.04150390625 0.078857421875