2 0.980224609375 0.135009765625 0.03955078125 0.05908203125
2 0.859130859375 0.2255859375 0.05224609375 0.07470703125
2 0.7216796875 0.330810546875 0.046630859375 0.084716796875
2 0.616943359375 0.496337890625 0.0634765625 0.039794921875
2 0.538330078125 0.6796875 0.03564453125 0.070068359375
2 0.463134765625 0.8046875 0.04052734375 0.041015625
2 0.366943359375 0.9833984375 0.06982421875 0.033203125
4 0.727783203125 0.30517578125 0.03662109375 0.060791015625
4 0.5244140625 0.709228515625 0.048583984375 0.062255859375
4 0.468017578125 0.781494140625 0.0546875 0.044921875
4 0.3642578125 0.968505859375 0.047607421875 0.041015625
3 0.546142578125 0.672119140625 0.0126953125 0.023681640625
3 0.967041015625 0.150390625 0.016357421875 0.0244140625
1 0.87353515625 0.915283203125 0.02685546875 0.062255859375
4 0.592041015625 0.5634765625 0.046875 0.049072265625