2 0.713134765625 0.119384765625 0.0380859375 0.05517578125
2 0.640869140625 0.161376953125 0.02734375 0.088134765625
2 0.42919921875 0.77685546875 0.0439453125 0.1025390625
2 0.30419921875 0.77978515625 0.038818359375 0.083740234375
2 0.1455078125 0.77587890625 0.04541015625 0.078369140625
2 0.056884765625 0.731201171875 0.030517578125 0.0771484375
4 0.072021484375 0.718994140625 0.02197265625 0.057861328125
4 0.157470703125 0.779296875 0.0234375 0.060546875
4 0.32275390625 0.77734375 0.020751953125 0.06787109375
4 0.39892578125 0.77099609375 0.021240234375 0.06982421875
4 0.446533203125 0.77099609375 0.022705078125 0.064208984375
4 0.63623046875 0.174560546875 0.04296875 0.06201171875
0 0.17431640625 0.295166015625 0.0263671875 0.045166015625
3 0.302001953125 0.795166015625 0.014404296875 0.03857421875
3 0.124755859375 0.777099609375 0.009033203125 0.02880859375