2 0.6181640625 0.1552734375 0.03564453125 0.083740234375
2 0.753662109375 0.12109375 0.009033203125 0.054443359375
2 0.989501953125 0.28466796875 0.02099609375 0.023193359375
2 0.906494140625 0.539306640625 0.019775390625 0.080078125
2 0.7802734375 0.54052734375 0.056396484375 0.075927734375
2 0.730712890625 0.542724609375 0.02392578125 0.075439453125
2 0.52734375 0.740234375 0.058349609375 0.06005859375
2 0.470703125 0.7919921875 0.0712890625 0.095703125
2 0.396240234375 0.857177734375 0.07080078125 0.100341796875
2 0.109130859375 0.901611328125 0.029541015625 0.06396484375
4 0.76953125 0.130859375 0.0234375 0.066162109375
4 0.928955078125 0.5390625 0.0283203125 0.064453125
4 0.9541015625 0.53271484375 0.0283203125 0.063232421875
4 0.747314453125 0.533203125 0.0302734375 0.063232421875
4 0.71826171875 0.540771484375 0.029541015625 0.06640625
4 0.535888671875 0.7099609375 0.044189453125 0.055908203125
4 0.46533203125 0.78662109375 0.043701171875 0.0615234375
4 0.401611328125 0.853515625 0.037841796875 0.065673828125
4 0.084228515625 0.895751953125 0.02099609375 0.064453125
3 0.74365234375 0.12890625 0.010009765625 0.032470703125