2 0.680419921875 0.067138671875 0.059814453125 0.04736328125
2 0.6494140625 0.168212890625 0.056396484375 0.0361328125
2 0.631591796875 0.221435546875 0.059814453125 0.04443359375
2 0.626953125 0.467041015625 0.069580078125 0.04541015625
2 0.626953125 0.651123046875 0.06884765625 0.04833984375
2 0.625 0.760986328125 0.07177734375 0.032470703125
4 0.661376953125 0.076171875 0.048095703125 0.04248046875
4 0.642333984375 0.135498046875 0.04931640625 0.037841796875
4 0.61279296875 0.682373046875 0.050537109375 0.03173828125
4 0.61962890625 0.743896484375 0.046875 0.029296875
4 0.620849609375 0.784912109375 0.0458984375 0.023193359375
0 0.26318359375 0.612060546875 0.04931640625 0.044677734375