3 0.48046875 0.275390625 0.039794921875 0.03466796875
0 0.53857421875 0.36279296875 0.020751953125 0.031982421875
2 0.789794921875 0.131591796875 0.040771484375 0.086181640625
2 0.5419921875 0.329833984375 0.084228515625 0.102783203125
2 0.439697265625 0.907958984375 0.082763671875 0.12353515625
2 0.593505859375 0.9453125 0.10595703125 0.092529296875
4 0.81591796875 0.122314453125 0.040283203125 0.064208984375
4 0.536865234375 0.311279296875 0.056396484375 0.053466796875
4 0.576416015625 0.91064453125 0.05126953125 0.0498046875
4 0.55517578125 0.939453125 0.044921875 0.054931640625
3 0.51611328125 0.93408203125 0.017578125 0.029296875
2 0.436279296875 0.716552734375 0.044677734375 0.06884765625