2 0.77685546875 0.36962890625 0.095703125 0.064208984375
2 0.73486328125 0.655517578125 0.03076171875 0.08203125
2 0.79541015625 0.727783203125 0.023681640625 0.084228515625
2 0.853515625 0.777587890625 0.037109375 0.05712890625
2 0.955078125 0.72509765625 0.07666015625 0.07568359375
2 0.75 0.338134765625 0.05419921875 0.036865234375
4 0.7294921875 0.634765625 0.038330078125 0.069091796875
4 0.75537109375 0.660400390625 0.036865234375 0.06005859375
4 0.7939453125 0.704345703125 0.041748046875 0.07470703125
4 0.81298828125 0.732177734375 0.041748046875 0.072265625
4 0.8505859375 0.76123046875 0.033447265625 0.05224609375
4 0.9091796875 0.869140625 0.036865234375 0.085693359375
4 0.9775390625 0.77880859375 0.044921875 0.030029296875
3 0.766357421875 0.379638671875 0.015869140625 0.037353515625
2 0.881591796875 0.8671875 0.04052734375 0.065185546875
2 0.06494140625 0.9560546875 0.03662109375 0.05859375