2 0.2431640625 0.115478515625 0.08447265625 0.087158203125
2 0.65576171875 0.464111328125 0.055419921875 0.097412109375
2 0.866455078125 0.349609375 0.04052734375 0.099853515625
2 0.969482421875 0.361328125 0.060791015625 0.11376953125
2 0.220458984375 0.103759765625 0.050048828125 0.0498046875
2 0.260986328125 0.1904296875 0.043701171875 0.07666015625
2 0.685546875 0.466064453125 0.047607421875 0.069091796875
2 0.8916015625 0.337158203125 0.0458984375 0.078125
2 0.986328125 0.343017578125 0.02734375 0.04931640625
2 0.982666015625 0.4052734375 0.03466796875 0.058837890625
3 0.23583984375 0.182861328125 0.019287109375 0.021240234375
3 0.24365234375 0.157958984375 0.019287109375 0.021240234375
3 0.69140625 0.4306640625 0.013916015625 0.02099609375
3 0.913818359375 0.33935546875 0.023681640625 0.039306640625
0 0.8115234375 0.84912109375 0.077392578125 0.072021484375