1 0.981689453125 0.72412109375 0.033935546875 0.0576171875
2 0.94775390625 0.041748046875 0.05712890625 0.065185546875
2 0.80908203125 0.1494140625 0.055419921875 0.083984375
2 0.708984375 0.321044921875 0.061279296875 0.03759765625
2 0.642822265625 0.524658203125 0.068603515625 0.08349609375
2 0.551513671875 0.643310546875 0.0654296875 0.08251953125
2 0.45849609375 0.82666015625 0.083251953125 0.08935546875
2 0.437255859375 0.967041015625 0.06103515625 0.064453125
4 0.826416015625 0.126953125 0.044677734375 0.07470703125
4 0.682861328125 0.399169921875 0.046630859375 0.059814453125
4 0.61767578125 0.5341796875 0.05078125 0.047607421875
4 0.559326171875 0.61962890625 0.0498046875 0.05029296875
4 0.4580078125 0.80908203125 0.046875 0.035400390625
4 0.417724609375 0.970703125 0.0498046875 0.048828125
3 0.638916015625 0.501953125 0.015869140625 0.026611328125