2 0.329833984375 0.294677734375 0.03466796875 0.09912109375
2 0.39990234375 0.25927734375 0.041259765625 0.046142578125
2 0.783447265625 0.78564453125 0.03369140625 0.079833984375
2 0.115234375 0.91552734375 0.039306640625 0.10302734375
2 0.005859375 0.9267578125 0.01171875 0.087158203125
4 0.01171875 0.91845703125 0.0234375 0.05859375
4 0.08447265625 0.9130859375 0.02197265625 0.07421875
4 0.135498046875 0.90625 0.03125 0.06982421875
4 0.31494140625 0.315673828125 0.023681640625 0.06982421875
4 0.81494140625 0.7880859375 0.032958984375 0.06298828125
4 0.760009765625 0.775146484375 0.02783203125 0.0595703125