2 0.025634765625 0.86865234375 0.051025390625 0.095703125
2 0.326416015625 0.880615234375 0.038330078125 0.14794921875
2 0.43798828125 0.850341796875 0.034423828125 0.075927734375
2 0.512451171875 0.778564453125 0.055419921875 0.115234375
2 0.5771484375 0.6611328125 0.07373046875 0.132080078125
2 0.68359375 0.484375 0.100830078125 0.14306640625
2 0.836669921875 0.22509765625 0.056640625 0.133544921875
4 0.013671875 0.85888671875 0.02734375 0.07470703125
4 0.044921875 0.864013671875 0.028076171875 0.073486328125
4 0.296875 0.826904296875 0.021240234375 0.06005859375
4 0.549560546875 0.655517578125 0.039794921875 0.06787109375
4 0.68310546875 0.43212890625 0.04150390625 0.06201171875
4 0.814208984375 0.22119140625 0.032958984375 0.06689453125
3 0.68701171875 0.492919921875 0.0234375 0.031005859375
4 0.5791015625 0.606689453125 0.024658203125 0.03857421875
3 0.490966796875 0.750244140625 0.01806640625 0.025146484375