2 0.828369140625 0.52001953125 0.044677734375 0.073486328125
2 0.754638671875 0.5966796875 0.025390625 0.029052734375
2 0.43359375 0.654296875 0.067138671875 0.11962890625
2 0.33349609375 0.5546875 0.065673828125 0.10498046875
2 0.2197265625 0.5361328125 0.04248046875 0.054931640625
2 0.060302734375 0.720703125 0.069091796875 0.072998046875
0 0.01416015625 0.42333984375 0.0283203125 0.0302734375
4 0.072998046875 0.66796875 0.04833984375 0.06982421875
4 0.339111328125 0.547119140625 0.0419921875 0.0634765625
4 0.437744140625 0.651123046875 0.037109375 0.065673828125
4 0.85009765625 0.42626953125 0.059326171875 0.072265625
4 0.712890625 0.69482421875 0.046875 0.0654296875
3 0.74951171875 0.59326171875 0.024169921875 0.0234375
3 0.4033203125 0.6474609375 0.0185546875 0.034423828125
3 0.45263671875 0.67822265625 0.0166015625 0.030029296875