2 0.992431640625 0.202392578125 0.01513671875 0.06640625
2 0.82861328125 0.322265625 0.063232421875 0.112060546875
2 0.700439453125 0.36328125 0.0478515625 0.113525390625
2 0.530029296875 0.69482421875 0.063720703125 0.081787109375
2 0.36669921875 0.73193359375 0.060791015625 0.113525390625
2 0.28857421875 0.781005859375 0.069091796875 0.112060546875
2 0.091796875 0.770751953125 0.084716796875 0.130126953125
4 0.079345703125 0.760986328125 0.046875 0.065673828125
4 0.367919921875 0.690673828125 0.04296875 0.065673828125
4 0.7138671875 0.324951171875 0.0361328125 0.084228515625
4 0.843994140625 0.279541015625 0.050048828125 0.062744140625
4 0.989990234375 0.212646484375 0.019775390625 0.06494140625
2 0.10205078125 0.87890625 0.097412109375 0.1171875
2 0.49072265625 0.7734375 0.0400390625 0.04296875