0 0.38232421875 0.8369140625 0.05712890625 0.04931640625
0 0.93798828125 0.626220703125 0.0244140625 0.031494140625
2 0.959716796875 0.6416015625 0.080078125 0.064208984375
2 0.7822265625 0.55419921875 0.031982421875 0.083740234375
2 0.439697265625 0.431396484375 0.07275390625 0.146240234375
2 0.353515625 0.357421875 0.08984375 0.13427734375
2 0.243408203125 0.357177734375 0.06884765625 0.1064453125
2 0.0751953125 0.521728515625 0.06591796875 0.1064453125
4 0.95654296875 0.6611328125 0.043701171875 0.058837890625
4 0.7587890625 0.562255859375 0.03125 0.064208984375
4 0.417236328125 0.439697265625 0.039794921875 0.0576171875
4 0.342041015625 0.393798828125 0.045654296875 0.056640625
4 0.345703125 0.334716796875 0.045654296875 0.05712890625
4 0.241455078125 0.350830078125 0.049072265625 0.065673828125
4 0.0693359375 0.52685546875 0.040283203125 0.062744140625
3 0.443359375 0.451904296875 0.013916015625 0.021484375
3 0.271240234375 0.347412109375 0.021484375 0.027099609375
3 0.226806640625 0.38916015625 0.02294921875 0.021240234375
3 0.08056640625 0.488037109375 0.01806640625 0.027099609375
3 0.4111328125 0.420654296875 0.01806640625 0.0263671875