2 0.831298828125 0.671875 0.0302734375 0.106689453125
2 0.869384765625 0.67724609375 0.013427734375 0.089599609375
2 0.316162109375 0.80029296875 0.022216796875 0.056640625
2 0.0888671875 0.95166015625 0.03564453125 0.082275390625
2 0.036376953125 0.96435546875 0.04150390625 0.071044921875
2 0.2158203125 0.8857421875 0.025146484375 0.026123046875
4 0.018798828125 0.97705078125 0.03759765625 0.044921875
4 0.29541015625 0.78076171875 0.034912109375 0.072998046875
4 0.09814453125 0.956298828125 0.020751953125 0.03564453125
4 0.856689453125 0.664306640625 0.027587890625 0.07177734375
4 0.882080078125 0.6611328125 0.021240234375 0.031494140625