2 0.133056640625 0.94677734375 0.052734375 0.03955078125
2 0.237548828125 0.779541015625 0.037841796875 0.080078125
2 0.36669921875 0.677490234375 0.047607421875 0.06689453125
2 0.490234375 0.596923828125 0.045166015625 0.059326171875
2 0.658935546875 0.43359375 0.03857421875 0.04833984375
2 0.78515625 0.463134765625 0.07568359375 0.096435546875
2 0.882568359375 0.568359375 0.06982421875 0.114013671875
2 0.153564453125 0.017822265625 0.1201171875 0.032958984375
4 0.509765625 0.56005859375 0.04443359375 0.05810546875
4 0.89697265625 0.5634765625 0.034423828125 0.064697265625
4 0.793701171875 0.454345703125 0.043701171875 0.08544921875
4 0.237548828125 0.767822265625 0.03955078125 0.04833984375
0 0.486328125 0.329833984375 0.04443359375 0.052734375