2 0.115966796875 0.5625 0.03662109375 0.073974609375
2 0.626953125 0.6298828125 0.0439453125 0.0966796875
2 0.892333984375 0.779052734375 0.074951171875 0.08935546875
2 0.981689453125 0.15576171875 0.036376953125 0.0478515625
2 0.908203125 0.032470703125 0.041015625 0.0478515625
2 0.951416015625 0.035400390625 0.029052734375 0.040283203125
4 0.1416015625 0.557861328125 0.037841796875 0.0625
4 0.661865234375 0.669921875 0.032958984375 0.0625
4 0.92431640625 0.776123046875 0.07080078125 0.051513671875
4 0.980224609375 0.12939453125 0.039306640625 0.047607421875
4 0.9208984375 0.048583984375 0.04931640625 0.0556640625
0 0.63525390625 0.396484375 0.050048828125 0.0712890625
3 0.90478515625 0.019775390625 0.024169921875 0.0263671875
0 0.910888671875 0.800048828125 0.0263671875 0.020751953125