1 0.581787109375 0.95166015625 0.0185546875 0.059326171875
1 0.609375 0.934814453125 0.0234375 0.0498046875
2 0.336181640625 0.555419921875 0.06396484375 0.11474609375
2 0.59033203125 0.405029296875 0.055908203125 0.1376953125
2 0.81689453125 0.4638671875 0.048828125 0.174560546875
4 0.848388671875 0.414306640625 0.033935546875 0.088134765625
4 0.78857421875 0.426513671875 0.027099609375 0.077392578125
4 0.591552734375 0.376220703125 0.027099609375 0.09033203125
4 0.30810546875 0.55810546875 0.052734375 0.07568359375
0 0.67333984375 0.118896484375 0.060791015625 0.038818359375
3 0.81640625 0.440673828125 0.015869140625 0.03955078125
3 0.54296875 0.4140625 0.01123046875 0.02880859375
3 0.338134765625 0.55029296875 0.016845703125 0.02294921875
2 0.532958984375 0.417724609375 0.013916015625 0.03955078125