2 0.956787109375 0.282958984375 0.06689453125 0.146240234375
2 0.83056640625 0.36328125 0.057861328125 0.15283203125
2 0.71630859375 0.453125 0.032958984375 0.127685546875
2 0.43017578125 0.602783203125 0.034912109375 0.091796875
2 0.400146484375 0.6201171875 0.036865234375 0.102294921875
4 0.933837890625 0.27880859375 0.036865234375 0.079833984375
4 0.962646484375 0.2177734375 0.02294921875 0.037353515625
4 0.8095703125 0.3427734375 0.035888671875 0.063720703125
4 0.79345703125 0.36865234375 0.0341796875 0.066162109375
4 0.69287109375 0.417236328125 0.027099609375 0.065673828125
4 0.41064453125 0.606201171875 0.034912109375 0.069580078125
3 0.720458984375 0.40283203125 0.01611328125 0.0322265625
0 0.1640625 0.693603515625 0.025146484375 0.058837890625